
; ---------------------------------------------------------------- 
; Jingle 1
; ---------------------------------------------------------------- 

ch1_melody:
	.db 3, 58, 3, 42, 3, 28, 3, 58, 3, 24, 3, 32, 3, 52, 3, 56, 3, 52, 3, 58, 3, 52, 3, 62, 3, 52, 3, 64, 3, 52, 3, 66
	.db 3, 58, 3, 42, 3, 28, 3, 58, 3, 24, 3, 32, 131, 28, 3, 56, 131, 28, 3, 58, 131, 28, 3, 62, 131, 28, 3, 64, 131, 28, 3, 66
	.db 3, 58, 3, 42, 3, 28, 3, 58, 3, 24, 3, 32, 131, 52, 3, 56, 131, 52, 3, 58, 131, 52, 3, 62, 131, 52, 3, 64, 131, 52, 3, 66
	.db 131, 28, 70, 4, 1, 146

ch2_melody:
	.db 30, 144, 30, 144, 30, 144, 30, 144, 30, 144, 3, 144



; ---------------------------------------------------------------- 
; Axel F.
; ---------------------------------------------------------------- 

ch1_melody:
	; axel f - part 1
	.db		8,58, 6,64, 4,58, 2,58, 4,68, 4,58, 4,54
	.db		8,58, 6,72, 4,58, 2,58, 4,74, 4,72, 4,64
	.db		4,58, 4,72, 4,82, 2,58, 4,54, 2,54, 4,48
	.db		4,62, 20,58, 16,144
	
	.db 	2,144
	; axel f - part 2
	.db		8,10, 6,34, 4,6, 2,30, 4,0, 4,24, 4,6
	.db		8,10, 6,34, 4,144, 2,0, 4,24, 4,30, 4,34
	.db		8,2, 6,26, 4,6, 2,30, 4,0, 4,24, 4,6
	.db		8,10, 10,144, 2,34, 4,24, 4,20, 4,16


	.db 	2,144
	; axel f - part 1
	.db		8,58, 6,64, 4,58, 2,58, 4,68, 4,58, 4,54
	.db		8,58, 6,72, 4,58, 2,58, 4,74, 4,72, 4,64
	.db		4,58, 4,72, 4,82, 2,58, 4,54, 2,54, 4,48
	.db		4,62, 20,58, 16,144

	.db 	2,144
	; axel f - part 2
	.db		8,10, 6,34, 4,6, 2,30, 4,0, 4,24, 4,6
	.db		8,10, 6,34, 4,144, 2,0, 4,24, 4,30, 4,34
	.db		8,2, 6,26, 4,6, 2,30, 4,0, 4,24, 4,6
	.db		8,10, 10,144, 2,34, 4,24, 4,20, 4,16

	.db		1,146 ; melody end

ch2_melody:
	; axel f - part 1
	.db		8,58, 6,64, 4,58, 2,58, 4,68, 4,58, 4,54
	.db		8,58, 6,72, 4,58, 2,58, 4,74, 4,72, 4,64
	.db		4,58, 4,72, 4,82, 2,58, 4,54, 2,54, 4,48
	.db		4,62, 20,58, 16,144

	.db 	2,144
	; axel f - part 2
	.db		8,10, 6,34, 4,6, 2,30, 4,0, 4,24, 4,6
	.db		8,10, 6,34, 4,144, 2,0, 4,24, 4,30, 4,34
	.db		8,2, 6,26, 4,6, 2,30, 4,0, 4,24, 4,6
	.db		8,10, 10,144, 2,34, 4,24, 4,20, 4,16

